1752
1734
5278
2547
8047
2745
7704
8442
5410
3511
6129
2483
3310
5484
1591
5236
1614
5905
7642
6164
1309
5471
3276
7547
4728
8076
5310
7721
8182
6910
6612
3130
2415
1471
2534
8935
4994
2468
2832
1268
1321
8446
6743
1531
1416
9902
5014
6951
9136
6141
1414
1521
3332
2066
1735
6552
3209
2460
4934
1777
6498
5512
1533
6419
1565
1788
3021
6492
6023
3669
3623
8463
2254
1437
1225
3528
8277
3499
3552
3484
1762
3058
3043
6432
8349
6156
3434
6167
2755
6885
2461
2013
5903
4557
3564
3518
8404
6579
3287
6922
6168
2450
4552
1444
3313
6933
6931
6431
1104
8084
8213
3325
7556
2364
2743
1295
4942
4908
6742
3024
4560
6843
3046
3094
2243
3114
4414
4401
5321
7718
4161
2032
2705
6728
9946
6532
2524
6216
5209
3176
3597
1709
2816
6967
2022
3178
3441
8147
6965
2250
8049
8071
4726
3492
3687
8416
6465
8032
9919
6741
6140
6118
4580
4306
5230
1512
2762
3296
6266
5457
1598
8183
3615
2491
2748
3188
9924
1580
4933
2913
4716
1707
6914
1604
3002
6219
2397
1464
3577
2433
4572
8072
3570
1595
3703
2431
6237
4729
7738
2477
2545
6283
5202
4744
6794
4556
6174
3031
6441
5213
4503
9911
1447
4506
2511
3437
1256
3147
1315
3438
9925
3057
1455
4113
5299
1733
8099
9908
5011
2020
6111
2601
2643
6877
8433
1201
1702
2102
3230
2905
3290
3311
2509
6703
6523
3071
5519
2756
8908
9935
6668
1451
6218
6560
6689
5438
4106
9940
2017
2505
6617
6130
4946
5398
5515
4956
2516
3303
3349
8933
9906
4707
6756
6124
3205
2373
2065
4173
5285
6614
5481
1446
6263
3631
6641
6573
1783
3226
4555
1232
9951
8924
3611
8040
4952
3432
4119
2852
2514
5201
1725
6136
2107
5493
6752
7765
6221
4987
3306
5531
8440
3229
6863
3360
6859
4166
1218
1219
3508
5460
1541
6229
5490
4549
6916
2390
1537
6690
1615
6281
6423
6128
9937
4737
6243
7757
1530
3083
1264
6651
6024
3625
6679
6534
8489
5251
6161
2063
3594
6538
9918
6184
6751
3454
5403
2064
3550
4171
1583
6570
8403
6674
4163
2025
6792
3684
6220
3297
9943
5312
8279
1103
1570
8089
2608
3527
5356
1110
5468
5287
6654
4545
6160
6790
8383
3052
3705
3555
2414
9927
2611
8059
5465
2739
4107
3284
6115
2704
5244
2482
4111
4133
3122
8045
2028
1217
3607
6509
6277
8937
2314
3259
6684
2423
6224
3557
3713
5511
6901
2227
2820
7728
3169
4528
6158
3556
1438
3447
6606
6658
2239
5907
3679
5272
6165
1720
6835
1732
2613
4771
6796
6649
8050
6148
1108
3272
5609
4420
1806
2546
9930
2488
4417
1234
3040
5283
3522
8411
3308
1339
5353
1760
2038
4137
4951
2471
2536
1799
4131
8916
2707
6142
6470
8048
4160
6733
2440
6791
9103
6624
6418
1432
5203
3388
2069
8410
4564
