4935
4190
7708
6590
8940
6821
3164
7723
1445
8444
8097
2701
8905
1417
4155
6968
6508
6248
4550
2424
5523
5464
4442
6101
6708
3118
6982
9928
1457
5543
2729
6208
2067
3489
6865
5489
2459
1439
6855
3054
5546
8906
6874
4502
4138
3224
4433
4747
2752
8102
2945
4569
8401
9962
1726
6971
4120
5355
6246
6195
2596
8931
3419
3158
6716
1452
2732
4207
2430
5206
4754
3710
1467
2718
8450
2506
6276
5210
8481
6846
6123
4911
4568
2538
3716
9960
2033
3664
6198
2712
8024
1473
2029
6185
8421
1776
6109
8087
3467
8482
1456
8487
8162
2908
3150
8176
1466
5704
6771
6881
6969
6169
8437
6154
8429
5450
2061
3520
7631
2109
2616
1336
1474
1525
9905
1338
4554
6884
6697
5538
6241
5902
1294
6671
6754
4735
8367
6804
3541
8472
8272
5007
1516
6292
4581
5211
4127
2906
6762
9949
7584
6906
1460
1796
5212
2642
1236
7730
6504
2849
6924
7709
4741
4711
6597
1337
2916
4930
3066
4439
5015
8466
912000
6108
4702
6952
6593
4999
7770
5603
6692
3266
3373
6294
6629
4102
3268
5223
6582
3521
6921
6482
4527
5220
4745
1240
2496
3093
1730
1805
4995
7713
4558
8432
9931
6577
1817
2008
5533
8435
3512
5487
4116
6902
4108
2923
4438
1463
1459
6201
4416
2007
4126
3085
8201
1737
1235
6680
6494
5525
1340
2929
4907
5548
6569
1731
3666
3652
4109
7791
4205
6655
5344
1109
7705
2736
3494
2114
8928
1558
6598
5324
4538
6936
6516
4121
4188
6666
6955
6637
3646
1323
2706
7747
6194
6114
6464
4440
1742
2438
8092
8930
4530
6578
2702
2734
6259
5364
3168
5529
5516
2012
5488
9950
4426
6183
3206
8426
5215
1593
7767
1535
3171
