6234
1795
2890
6271
7750
3673
3042
2903
6192
3324
2439
6785
3481
4168
3708
2404
8046
8080
3706
4526
2413
4576
2605
3321
4755
2543
6245
8255
6937
7715
6541
5289
8074
6153
6146
2312
6928
8064
2493
6781
6862
2476
6175
3689
3583
1506
1612
5521
3293
3535
5534
3088
1718
3260
3622
1305
4543
3013
8103
3675
1515
6125
2637
3376
2442
6446
3236
1449
2023
8114
3217
1536
3317
6491
4766
2462
1603
1903
3081
3221
8234
6456
2105
2484
6189
6205
3135
6188
8131
2401
2444
6485
2606
2070
1904
1314
2356
2015
7805
3131
9914
6197
6133
5498
5222
1714
4720
1736
5274
6186
6805
4927
2002
2897
3354
7711
4128
1560
3219
4534
1102
6425
2489
3630
3048
6122
3490
2633
2027
1539
3028
6451
5607
3162
2342
2457
4162
8039
6426
8210
6486
2834
1616
9934
6768
4923
9105
1618
4551
8473
2436
6182
4441
8227
2108
6214
1784
8464
1316
8081
3580
2328
6669
3034
6187
8054
3218
6190
2915
9933
8111
7786
5443
3152
3483
4919
2646
5306
8083
6838
2313
3605
3294
4130
2375
2062
2323
1909
3540
2115
1522
8070
2429
8104
3016
3051
8215
1569
1517
2472
6417
2528
3026
5288
1789
2247
8271
4764
2332
5234
2351
3479
2354
1568
6854
3717
6104
6462
8016
5347
6405
6770
4961
6196
6683
6231
3529
2515
4903
7734
6416
2376
3709
1529
8043
1231
3362
2006
3515
1605
1713
1722
5225
6163
6166
4916
6126
6909
3712
2887
7769
2474
1590
9904
4536
6143
3567
4562
6112
6944
6558
6517
6823
3019
1519
6204
1319
2427
2347
2520
1773
2303
2855
2308
3715
6533
8033
1419
9917
2206
2885
8462
8086
3060
4743
4114
2530
1308
9941
6226
6525
8110
4949
3036
1717
1532
2233
2618
3027
8107
2845
3056
6753
2540
6120
2241
2425
4561
9955
2337
4736
3546
4104
6461
9942
6861
4939
6782
6415
6592
2379
2388
3533
1563
5009
6596
6134
2402
4105
6919
1712
5530
2449
4571
4938
6609
6548
5243
6191
2362
6414
4912
6547
6561
2441
2645
6834
1710
1307
6179
3609
2610
1815
8467
6291
1721
1312
3592
5478
6761
4960
3390
6918
3030
6272
1589
9910
2467
6412
1216
4991
5315
1503
4142
3305
2597
8499
4763
7610
5426
3628
7749
6215
2886
2395
1611
7788
6233
4968
2882
3105
2480
8358
6230
2504
6672
1907
8021
6719
1808
6994
2495
3022
4931
3041
5228
3038
6830
6670
7740
1524
3491
4147
2049
3714
3624
6275
2753
3149
1436
6469
6116
8996
1727
2723
3587
2357
7736
3338
1325
1229
1785
4542
5475
1227
5871
6962
6285
3498
4974
8038
3141
4164
6698
5483
2059
3322
6831
3653
8341
8150
5291
6923
6720
2883
1313
4157
3551
9938
3015
6840
2406
6270
6505
4585
6829
5284
3680
2258
2399
2365
2640
6712
5439
3466
2419
3008
6206
2355
3501
8222
6138
1802
3025
5263
8422
8121
3693
3374
2387
4583
1301
6546
6435
5386
1711
6870
1410
2327
3617
8436
6642
8289
3207
8284
6274
4953
8091
6890
1905
6515
4577
6217
3558
3707
1597
6261
6279
6957
3032
1617
3231
6207
4906
7714
4722
3045
7810
5608
2838
6117
2812
6657
3380
4768
6803
8028
9921
5388
2236
1304
3050
8068
8069
6953
6180
8240
6873
6894
1477
6925
2014
4513
4989
7703
6732
3402
6438
6996
8926
5269
8936
1708
3661
4566
3078
2881
9802
7712
8088
3128
2353
3312
2302
6442
6443
1513
2317
6021
3017
2412
2801
2420
2230
2367
2338
3023
8034
6591
8042
3011
6568
3005
8942
6691
1210
3372
4958
2630
2542
3663
2548
2481
4966
6949
4129
2030
1409
3357
6789
6788
6725
3189
7795
4588
3504
6576
3686
2330
6202
4563
2607
6776
2884
1586
2850
6477
2345
3006
6903
6811
6875
8932
3059
2207
2478
2527
6739
8927
5425
6449
6585
4174
3532
3363
2464
5340
1526
2204
2485
9907
6223
1584
2636
1527
4909
1810
2377
4749
1540
2417
8454
3289
3701
6269
6139
5432
6203
4721
3047
8299
6913
1609
1587
2009
3090
3264
3563
1402
3443
6640
2359
6290
1582
2340
1310
6177
4510
3455
6152
3416
2231
2880
2634
2891
3033
2727
2535
4523
6727
2421
6499
6535
8163
6550
3010
3645
2537
8438
3163
7744
6127
2405
6176
5864
2382
3581
1342
3073
4976
6806
2889
6209
5904
1303
6643
2348
2371
2731
1528
2409
2201
8415
2497
6603
5314
2912
4772
7780
6625
2349
3228
2329
6589
6715
2454
6265
6113
6799
4540
6147
3092
6667
2453
2374
3037
5227
6235
6005
2612
7402
3545
8938
1434
5706
6695
8044
3444
6244
6664
3694
2305
4714
8112
6530
3691
2617
2614
1326
9958
2101
5508
6121
1723
2010
5328
3413
2368
3356
2103
5258
4904
8476
4303
3055
1440
3588
4977
6151
4971
3548
6472
2428
4915
3014
6488
3049
1608
5245
3596
2316
3227
1809
4973
5880
2106
1215
7722
2228
4123
3257
6869
3044
8027
8171
8085
3526
3003
6526
5292
1504
8431
2836
2851
2344
8390
2609
1786
6757
8105
7777
6895
3339
6239
3086
1476
4532
5536
6199
5309
3430
4760
5302
5434
6411
3450
4739
6282
9945
6605
6613
3576
2363
2331
2492
3537
9939
6706
3211
8478
3543
2393
3323
3062
2867
2603
3704
2498
5381
5469
8261
6015
4746
2426
6510
2031
2458
5371
2408
6213
6284
3702
8109
8374
4770
2369
6150
3167
6531
3665
8249
3234
2455
6257
2465
3029
2360
5392
2501
6841
2208
8096
7717
3711
5351
3406
6170
2486
5474
3530
6173
2034
2385
1101
4979
6016
1514
2539
5452
4541
8155
3265
1442
2451
2615
7799
3685
6278
1220
4167
2466
3213
6722
6693
2301
7751
2383
6409
2392
6588
3346
2211
4967
2352
6584
5876
5522
3379
6763
2641
8011
2104
6735
3035
6227
3591
4533
6620
6155
3004
3138
6026
2324
2892
