6556
2910
1453
8354
4432
2719
1470
3593
6144
4806
6887
3191
5878
6988
4183
2024
4807
2035
2221
6767
6496
5601
1418
4419
6020
8929
4609
3115
2904
9944
1259
8423
3632
2724
1906
8101
2722
4413
1813
9912
9926
6240
9929
6721
1454
4950
6872
8443
4198
4905
6807
3095
6662
1213
1441
5348
1233
5013
8067
6474
6929
1203
4706
8923
2947
910861
910322
5604
1341
5514
3629
6542
5276
4175
1413
4584
4305
3523
4972
5455
4402
3285
6512
2887Z1
1468
1781
6581
8409
2073
5703
3067
6506
1626
6236
2939
2380
1538
4804
8077
8477
5906
8342
2321
6958
3064
6899
8941
6645
2754
6615
3531
6574
911622
6264
5016
6210
1472
2434
4153
1443
1435
4767
4139
2432
6225
5205
2901
1324
7716
4148
911868
6212
6103
5701
5301
7782
1599
7753
911608
6222
4430
3018
4154
2949
8455
4192
9110
2911
8488
4304
2937
4924
3252
8424
8066
5345
1423
4535
6616
2751
8917
3672
4529
8921
6997
6844
2941
8093
5520
6904
6242
3232
6856
2726
2948
2926
3516
6228
7743
4943
2924
3288
3426
3465
4406
1465
6730
1475
2740
7732
2235
6527
6661
6171
2248
