1315
3114
1752
2905
2069
5353
9925
6263
1788
6161
5310
2254
8213
3669
6142
9103
2816
1531
6901
4580
3176
4107
7718
6668
3611
2239
6794
6910
6470
1108
1537
4716
6877
6115
1735
6534
5272
1464
3441
5465
2461
8183
3130
8071
6124
8059
4933
6465
5903
5230
4113
4166
2038
5531
6570
2536
6281
8084
9943
3438
2450
6219
8411
6277
3623
5321
1702
3169
4942
1591
6140
4726
6167
6689
6237
3434
6733
6441
2431
2509
5519
4707
8440
6674
1438
6916
4952
3564
6229
1604
5285
3447
2107
6148
5312
4106
2013
1225
1256
8050
2745
2613
1734
2243
6141
3230
8048
6606
4119
3518
8463
8935
4564
6128
6560
7757
3484
3306
4956
8349
3303
6168
2832
5481
2488
9940
6492
3310
2227
1583
2534
8410
5202
1451
5244
7642
7765
2373
3259
3031
6790
7704
4908
2601
6792
1709
4173
4414
9924
5251
3332
1103
2020
3313
2511
7728
7738
5468
3308
1541
6164
3499
3178
2756
3002
2102
4160
9908
6791
1217
3508
4572
6651
1455
1234
6579
6679
1219
8433
1104
1437
6654
2762
2643
3552
3705
8040
3052
8049
6129
2471
3188
3325
4771
2546
3597
6641
1733
8446
3703
2707
2516
6703
6573
1707
3272
2025
9136
2705
3147
3570
3432
6498
2028
4729
4555
5398
5490
6160
6266
3058
2611
5213
2314
4728
8182
3276
5356
6843
1447
3555
8089
4503
6423
3550
3631
2364
4994
6111
8383
7547
1762
2460
2433
6552
8937
5410
6024
4549
5287
6922
2483
5609
6741
3046
1232
3071
1512
5203
2066
3229
2545
1530
2820
6684
5011
3615
3297
4163
2852
3287
4420
3557
1799
5438
5278
2032
3687
2748
4171
3284
3454
9927
6158
4934
5283
3360
6419
3122
2505
4133
5905
5460
1110
6243
3021
4737
2547
6931
8916
3437
3684
3713
2739
2390
5457
3226
3679
2440
2022
8047
3594
3040
6218
1416
6624
4557
3057
8416
6914
3043
2913
3577
8489
9951
5299
6118
9937
6617
6951
2477
4306
2064
8277
1264
3522
2755
4951
3492
1521
6658
6933
5201
6743
5907
3024
3205
1533
6184
5236
2063
6136
6165
3290
6216
1720
3388
6432
4137
2423
2743
4560
8924
1471
3311
6967
9911
5515
6220
4744
4161
6023
6728
8076
8404
6532
4987
9906
1777
9919
2491
3511
8099
8442
9946
6431
5471
3528
8933
5403
6283
1218
8147
5209
8279
6859
4417
2524
2250
1432
5493
2514
2065
6965
9930
6418
2468
8908
2017
6690
1565
6224
1732
7556
6885
3527
1268
1309
2482
6751
1339
4111
9902
6130
6756
9935
8403
5511
1806
6614
4946
1725
3296
7721
5484
3083
6221
8045
3556
9918
6174
1414
6156
1446
4401
5512
2704
4131
1614
1615
6742
4552
2414
3349
1295
5014
1570
8032
6863
4528
1580
3209
8072
6649
2415
1783
6538
2397
2608
3607
1201
6835
6796
6523
4506
1760
6509
3094
1595
3625
6752
1321
1598
6612
1444
4545
4556
