6645
6844
1233
8477
911622
6506
5878
5514
2941
3067
8455
4584
4402
9944
6496
2248
6512
4419
6958
6212
5276
1468
1599
910322
2911
1813
1453
8921
3629
4535
5601
2901
8066
1423
6144
3516
3593
2924
4905
1470
6730
2321
2434
4175
3252
4139
4767
1538
2910
1441
6904
4192
3531
6929
4432
6210
3115
4154
6171
2751
4706
4406
8424
6661
2722
8941
1443
6240
4183
1418
4529
5703
2754
6225
5016
9926
4413
3095
4972
4148
7743
3672
7782
6542
6997
8101
8077
8443
5455
6807
9110
6020
6662
2073
3426
6856
5205
7716
5013
6574
2380
4153
8354
2947
2719
4430
6103
8929
6899
911868
1906
6615
6721
1203
5301
1259
2035
1435
2887Z1
2024
4806
2904
9912
4609
8342
8923
3288
1413
7753
5906
3018
2740
8093
8409
2939
6236
1324
2726
4198
4804
2724
3232
6887
5520
8917
3191
6767
6242
1454
6527
5604
4943
7732
9929
4924
3285
2937
5701
8067
8423
911608
1475
3465
4807
2948
6581
6988
2949
2926
910861
5348
1781
6264
1472
6222
2432
1465
2235
6474
6872
8488
4304
3523
4305
6616
5345
2221
1341
1213
6228
1626
3632
4950
6556
3064
