1563
4912
3049
6667
3532
6405
4720
1316
6182
8064
2607
8034
6803
3515
3605
9941
1102
9802
9105
1526
3305
3551
6873
3234
6190
2527
1304
6425
4523
1721
3321
2634
2731
3483
3581
8085
6605
3661
5478
4164
8042
3444
6937
5234
8096
3022
3715
6199
4162
2409
8467
7734
8081
8431
5498
4513
5243
3227
5228
3033
2247
1312
4736
6561
2612
4919
6270
2610
2014
6691
6763
8083
6233
8080
3356
2419
4533
6026
4167
6693
8476
2885
8039
6461
4916
2034
6576
6469
3029
8299
3086
3004
3587
3704
5706
1442
3689
6146
3583
6449
3257
5508
2498
7717
7750
2495
1419
6669
8054
1532
6197
5288
6510
6526
1310
1618
8068
1784
3630
6271
4909
3073
2374
2439
8932
4536
3163
6414
6840
7402
8091
4938
2501
8215
1712
1477
4931
3260
4128
3027
3218
3706
8021
8131
4961
2453
6732
3339
6949
7769
6584
6735
6903
2360
8109
5521
2484
1402
1909
6275
4130
3312
2543
4577
3504
1436
2605
6244
6609
6725
3709
3548
3680
6488
2492
4760
1314
5483
6823
4142
3617
3416
2890
6205
4973
2801
1476
1808
6117
6122
5009
6175
4541
3390
6443
4540
1536
6918
6869
2379
5426
2812
1434
2855
7780
2329
4510
2233
2231
2382
5306
1440
1301
3376
3324
3025
2027
5258
9942
4561
8261
3092
3008
5347
6206
2395
1522
3665
6203
9934
2230
2449
7799
6442
8942
3026
6727
3712
2338
3294
6472
6152
6231
3289
3231
4904
1503
3535
4976
6261
3323
4770
1605
2228
6462
2489
6499
8222
3701
6558
8070
8016
8464
5328
4763
2480
4755
2103
1325
3596
6226
3317
8436
2504
8105
7795
6568
6187
3088
3685
7777
2208
2451
2444
2915
3588
4968
1617
3019
8478
6486
6805
6021
1326
8249
8104
4939
3546
4168
2408
6789
4721
3430
3011
6799
6515
2497
6720
2404
2880
2313
2324
4147
5871
3219
3044
5432
2006
3707
2466
2465
2207
2303
2406
2528
2530
4923
6715
1713
6875
6214
6204
2723
8938
3090
7788
1231
6179
5284
2302
8171
3628
4174
1409
3211
1736
6005
2062
2328
6770
1560
5309
1907
5292
6272
6180
6672
1795
6282
3374
4543
3036
3138
2636
3691
1527
3702
3563
6409
2426
2401
6116
2002
2850
2332
5225
2348
6895
6788
9907
3406
3592
5388
6834
3028
3105
2241
6411
6603
2388
2834
3537
6284
6913
2637
1584
2009
7744
8271
6133
2640
2476
1101
3622
7714
2548
4576
1569
6620
5439
4743
1410
2882
2892
8150
6207
2312
2375
9939
3663
6533
3455
3526
2412
2891
3152
2493
2727
6923
6104
6530
2305
2537
3293
6698
8234
6196
7703
3545
1722
6438
1905
2349
3016
2462
2472
3686
4906
2206
6239
8107
5291
2105
3081
6192
6640
8110
8011
6944
7712
2455
3466
4927
6683
1714
2317
2115
2614
3363
6435
6147
4441
3162
1216
8422
3591
6890
3609
2429
6138
6589
2641
8227
2345
2327
3265
3003
6670
2023
3694
8358
3708
1608
5302
3041
4585
4532
3051
6541
1342
2454
6782
6188
6176
3450
4551
6446
1529
9910
8112
6781
3530
3048
9938
6785
4960
4966
8111
8033
3015
6477
6722
3673
6957
3558
3228
8454
3035
5245
2393
6278
2352
6234
4949
2753
1515
7786
4104
5371
3354
2204
2387
5534
4953
4114
1519
3479
1609
6177
2436
1711
1227
4563
1903
6830
3032
3131
3005
8046
2597
6416
1590
7751
3149
6719
2359
3714
4979
2377
6838
6235
5392
6806
6861
5530
2402
6153
3213
3141
8114
6265
3624
1528
6451
2442
6657
2458
3576
2030
6894
6643
6613
2883
1504
2413
3023
3189
9917
6245
8390
8155
2059
2015
3207
2010
2421
4967
4534
5864
2337
4739
2539
5474
2405
1220
2355
5340
3014
1727
6173
1586
3062
6706
5381
1539
3543
7740
4989
6155
2478
6854
1603
5880
2351
3653
3567
6015
3050
6768
1718
2851
5443
3362
7810
6417
4915
6585
5227
8038
1229
6223
2323
2420
6517
6217
4772
2845
6994
6491
6016
1789
6269
4746
9904
6505
9921
6189
5269
8163
6412
6150
2464
3221
6776
2049
6163
2258
8462
6209
6925
4566
2886
6531
8499
2542
3056
8044
5452
3490
2912
4105
6962
8473
4903
2371
6757
2606
2108
3533
6811
6841
3078
8374
2316
2342
3042
6596
5351
3529
8996
6291
3236
2609
2425
1449
9933
3047
1513
2201
2399
8438
2330
6285
1517
2104
3037
2357
6485
3030
3717
3372
4766
2354
3135
1319
1587
8341
2353
5876
6642
8936
6126
4129
1313
7715
8028
2417
4526
3379
6125
3045
2540
8086
6829
2383
2618
8121
2615
6170
6919
2535
8926
2301
5314
3059
1710
7711
6215
3501
3013
4562
2211
2897
6625
6257
6166
1568
3006
1708
4768
4977
9958
3491
8210
5522
3481
6592
8043
3540
2520
4588
3380
6695
1611
3580
4583
3264
2368
3128
3038
3060
2485
4157
8289
6525
2427
1597
6121
2474
6588
2603
4974
2836
1582
6831
2903
5386
6426
7722
8284
3010
7610
3711
2617
6186
5425
4991
3675
6870
6202
6712
2340
2441
4571
3034
1802
2884
1616
5315
2646
8027
2457
6761
7805
6739
6127
1506
5608
3346
1303
3645
1514
2362
2481
2838
7736
8069
5289
2376
2887
8240
3498
8103
2385
6535
2467
2344
1809
2356
6546
1307
8088
2365
2347
8927
6753
2308
8415
9914
2101
5263
2367
6112
8074
2881
6290
2369
6456
4303
6230
6664
6415
6274
2031
6139
1589
1524
5607
1308
3055
2867
1786
4722
6213
3217
1773
2486
6279
1540
1210
2331
2645
1785
4714
6862
6548
6591
7749
2070
2515
3413
6928
3167
6134
1723
2106
4971
1810
9955
3322
6909
4542
2889
4749
2363
2633
5222
8255
4958
5469
6113
3402
3693
5536
3357
6996
9945
4123
2236
5434
1215
1612
2428
1717
1904
5904
2392
3338
6550
6547
6227
2630
6191
6120
6151
1815
4764
6143
6953
5475
3017
1305
5274
3443
