6874
8940
7705
6198
3494
4754
3093
1535
5543
1460
9949
6482
1796
4190
3520
8444
3652
4188
6902
1337
6593
2496
912000
6246
6108
1109
4426
1445
2908
4442
4207
6921
3512
4439
5704
7713
1338
4558
6590
1452
5487
1805
6968
3666
2712
1235
4527
8931
3373
3085
4102
3150
7709
3224
3541
8421
2718
1240
1776
6708
5355
8102
2109
9905
3066
1525
9950
6201
2438
6969
6971
2430
2849
4554
6194
6952
2012
2506
4530
5902
5007
6183
4568
8024
4120
6259
8466
9960
8482
8481
6671
6185
6494
3268
5516
6716
8435
6508
3206
5215
6578
5223
6955
8272
5546
6697
5538
5220
1474
8450
6208
2114
3664
7708
2929
4108
8162
7631
2596
5525
3171
1558
5548
2061
2067
6195
7730
6101
1593
5523
2945
4735
6294
7791
8928
4745
6109
1236
4126
6906
6154
3054
6936
6855
2729
3164
1463
3419
6821
6884
5210
4907
9928
4999
6881
1467
4127
4438
6754
3521
3266
9962
4747
8401
5344
6292
6762
1466
1336
1457
4433
4138
7770
1737
6865
6982
2916
1726
8367
6504
8432
4155
5324
3168
6598
5603
5464
1473
4935
8097
5211
2923
9931
4569
1294
8429
2424
3118
3489
1323
5488
1731
8472
7747
4741
2732
6846
6666
1340
2008
5533
5529
2736
6582
1456
5450
2029
6804
4581
6655
4116
4205
2906
4911
1817
6123
2459
2616
2702
4502
4121
2033
3716
8087
2752
4109
6637
6516
2734
8092
8906
4538
6169
1730
6629
2538
6771
3467
6597
6924
2706
1742
4711
2701
8487
6114
4440
4550
2007
6464
4416
3158
6692
8905
6241
7767
8930
6569
8201
3710
1459
4930
7584
1516
4702
6248
5489
5364
6577
8426
1417
1439
5015
3646
5212
6276
6680
8437
2642
4995
5206
8176
7723
