4550
6884
7708
7791
7705
6708
3066
3521
6494
6198
8024
4569
3666
4754
4121
8087
4426
2538
6241
6936
2642
5007
912000
3224
8906
4440
2729
6208
6464
9950
6754
3150
6968
2736
2496
4126
6881
9905
4127
5529
4438
3664
3171
1459
8482
2923
6982
8487
3646
5533
6692
6194
2712
4735
6248
6246
5488
7747
1525
1742
5516
5523
2012
7709
6921
2929
6578
8097
5210
6697
2033
8272
6637
2616
1336
9931
8435
1109
6292
3164
4108
1558
6971
9962
3118
8450
4188
8162
8429
8466
3419
6195
2849
6924
2430
7767
5364
1593
1439
5324
3716
4207
8930
1452
4442
4538
6902
2701
6906
6114
2945
8905
4741
2908
8940
2702
2008
6276
3268
8931
8472
4930
5603
1730
2718
1417
1467
1776
7730
2906
1817
1337
4907
4554
7631
2596
7713
6259
5450
4581
3467
1796
2752
6666
7723
6846
9960
4433
6952
2029
6108
6955
3266
3652
4116
6716
2706
6101
5223
6482
1294
6294
2007
6855
2732
6762
5211
5220
4995
4527
1460
3085
3520
3054
6569
1340
4416
6629
1445
6154
5548
6508
1456
1236
3168
4558
8432
3512
4102
2459
6577
3541
4999
9928
2734
5206
6201
5543
5355
3710
6109
5215
4190
3206
6597
8176
8367
8421
8481
6680
3093
9949
4568
7584
3158
1466
6821
4935
1457
8201
4530
3489
4109
5487
5464
1805
6655
2061
5344
1463
1240
2109
6183
5489
5902
6123
1323
8092
4155
7770
6804
6590
1474
2424
6593
1737
4205
6865
4702
5704
2067
8426
1235
6598
8401
4747
8444
1726
8437
5212
2506
1473
1338
5525
1535
8102
6874
1516
1731
2916
2114
3494
6516
6582
5546
4120
6671
6504
6771
4711
6969
5538
8928
4745
4911
3373
4439
4138
5015
2438
6169
6185
4502
