5438
3511
6914
2704
8404
3528
8433
6606
5907
3147
4173
8049
2390
6148
1234
2491
8442
8416
8489
5272
8916
3046
6649
2227
6756
4503
6951
8935
3313
3021
3611
5905
7757
5213
6931
4707
6465
8410
3349
3178
8924
3043
6158
3114
4549
4119
3388
2107
1580
5251
1447
1720
2066
6221
1432
2433
3703
6534
6752
2069
2460
6024
6184
8349
6142
4106
6796
4306
2816
3679
9925
2601
6690
2524
3625
4987
9911
1725
6140
9918
1614
2482
2913
8032
6219
3057
5356
3594
3297
4952
6689
6674
5287
2762
3083
6658
2254
3325
6654
4737
8084
2450
1512
2373
6164
2032
1591
8411
2013
2705
6573
6612
6741
6651
4994
1707
9924
6216
6617
8071
6432
3607
6237
5285
6552
3094
2431
2397
1709
1788
5410
1615
1264
2314
6023
7728
1446
4160
2065
3188
5398
3713
2017
7718
6641
6220
2509
3550
1806
7765
1598
2905
1583
9136
4744
3564
5011
1218
3492
6560
7721
3272
1734
2477
5353
6901
3684
6218
7556
1416
4552
1217
3052
5515
1531
5484
1732
4572
1451
2547
3209
6266
9940
2534
5403
1762
6165
4163
3130
2064
4401
8403
6136
3555
6423
1339
6224
6509
1533
2613
3508
6859
8072
2250
2028
4729
9930
3434
3669
1201
9103
1438
6916
3597
8463
2461
4934
1108
8089
1437
6570
4933
6843
8050
3306
1521
5481
3071
4942
6156
6679
2063
6703
1219
7642
1464
5014
3230
4131
3557
2832
6168
9906
6498
2414
8076
1414
6790
8213
1752
4555
6128
6419
2025
2022
4414
6283
5299
9927
6418
1225
6441
3577
1702
3432
1799
3176
9908
3310
5203
1104
1783
1268
1541
5471
9946
6492
6794
2643
4107
5519
6431
5903
1321
3276
5493
3031
4956
6614
8045
3438
9943
1735
1309
3623
1530
6277
7547
3454
6743
3229
4946
5609
6728
2364
8908
3002
7704
2440
3705
2511
3527
1315
4580
6141
4545
3058
6115
5236
5201
2707
8277
2745
5512
4557
4111
1103
6910
6668
4506
3308
6229
2611
2546
3290
8279
5244
3441
3556
3311
8383
8182
1295
1110
2471
3437
2545
4771
7738
6118
2423
2739
3024
2852
2516
8933
3631
6742
3287
8937
3122
6160
5531
6684
3522
3259
6863
4420
6967
9902
1232
5278
6532
2239
5468
3518
5202
6167
8047
1537
3360
3447
6263
2743
6965
2102
2755
4166
1760
5283
3169
6933
6791
8147
1444
4951
1570
5511
4556
3040
2820
6792
5321
4560
8059
6243
9919
2514
2505
4528
5465
2483
6174
3296
1455
1733
3570
9951
3552
6877
2756
6538
4171
8040
6111
6281
4161
2243
4726
3226
6751
8446
8440
6161
2468
1256
1595
6523
5457
2488
8048
1604
6130
3205
1471
4137
2536
5209
3332
4133
3484
1777
6885
3615
3687
2608
9937
4908
6733
4417
5460
4728
2748
3303
6922
6129
6835
5230
6124
2415
3284
8183
4564
6470
5312
2038
8099
6579
9935
5310
4716
2020
3499
6624
5490
4113
1565
