6134
9958
3673
3630
2889
3234
2105
2236
1409
2360
9934
3686
2597
4938
6788
1434
4510
6831
7711
2413
6202
2330
3430
2645
1560
6657
6199
3526
3006
3003
1227
2453
8996
1723
5258
3444
4919
1589
8415
2344
8249
2610
6706
3605
3218
6190
6761
2408
3479
3540
1540
2228
5426
2442
6757
1527
3591
6121
6838
6425
1773
1519
6175
1718
3543
6414
1904
5439
8390
9904
6491
3092
2023
6217
8112
7777
1711
6763
6477
3264
3059
6768
3004
3504
5386
3016
3025
2891
3135
9910
2206
5432
1517
2392
2406
2495
3030
2034
6695
2886
2492
2885
3588
2317
3062
3583
4714
1522
3490
1905
2349
9938
8358
6894
4534
1536
6918
6727
3501
6669
6189
2618
3088
5314
1903
5534
1513
6179
3563
8103
5289
6829
1789
8091
1584
6176
8034
6526
3356
2603
3305
5388
6875
4130
2897
4147
2542
6823
2357
6664
6214
1442
8473
6207
6722
3416
9939
6953
2327
4128
2812
2641
1708
1563
3023
1229
2062
2207
3338
6146
1313
4168
2836
2633
7751
2457
5227
5269
2912
2731
2369
2421
2233
4720
8926
6139
8210
8104
1326
6625
6153
4931
3221
1310
2367
3033
5328
2308
3645
4973
3013
2353
2439
7703
3321
8109
4739
5864
8038
2426
8271
8086
4763
3027
2481
2070
3339
6862
8240
6488
2103
5243
7744
4906
1810
8054
3532
2520
2501
5508
2485
2801
3138
3029
6517
9802
4543
7734
3207
1618
4953
4768
3530
3712
2462
6021
5340
2101
2382
1529
4540
6770
6186
6234
5392
1220
3257
3081
6104
2348
8080
2258
2467
8374
8081
8289
6533
2466
6719
3047
2883
5522
3653
1569
8111
6415
3044
2363
3711
8942
6215
1307
8046
9907
6568
1476
3005
1402
4916
3149
6776
6227
1301
6261
8936
6265
8021
6525
2104
3685
8341
2880
6170
2399
6443
5234
4167
4585
4764
3231
2247
2753
6535
8028
6890
3413
8033
1611
6269
3455
6919
6125
3236
1603
2884
8011
2342
2014
6472
2464
6405
8438
3691
3217
6753
8255
8299
7736
6226
6548
3354
3675
3663
3078
4949
3450
6928
8114
2537
6840
6416
4903
1727
6670
3265
2231
6605
1514
3707
3376
2371
6435
2850
6546
8121
2362
6591
8070
3260
6426
6585
4971
6112
3086
6505
6944
7810
8016
2617
2478
2338
6116
3163
2412
2355
6515
2106
6561
2385
2420
5263
6895
4770
7780
3167
1815
1210
6725
6962
5347
9105
1515
5706
3363
2208
1440
3010
6499
6143
2727
4105
4542
3049
6126
6152
1303
2365
7769
2484
3596
4909
6640
2451
3362
3227
1316
3324
6163
1809
4513
2630
7714
4977
2646
3715
2465
8467
6530
8110
8039
6785
1714
5530
6271
6127
2379
2530
5607
8938
3228
6239
2031
8462
4912
5434
2539
6811
3380
6913
3294
3189
9921
4541
2374
2015
5288
6187
6166
8464
6620
2328
1539
2405
3374
7740
8044
2377
7749
2436
2417
3011
6937
7750
4721
2324
4960
1586
7717
6203
6720
4974
4736
6643
2634
5009
5478
3533
6592
4526
2838
8027
2636
3576
1612
7799
1907
9917
8422
6191
2331
6486
6278
6274
3036
2368
6691
7715
3372
2449
8068
2614
2834
3694
5228
2401
3592
3498
8284
8215
2882
2393
2329
2892
8227
1436
3628
8171
5483
6182
6925
6209
8042
6739
1319
6803
5245
3515
4722
6550
3015
2887
8499
8105
6026
3056
2915
6485
3038
2387
3105
1503
8927
4961
6230
6609
1597
3443
6558
6192
2352
1802
3689
6541
2425
3022
1231
3037
7795
3090
4976
2515
3026
1101
4743
5443
2493
2376
6903
3050
6270
1308
1526
6732
4551
8431
3289
6205
4577
3032
4915
3702
6120
1608
6712
2480
3545
3567
4760
3708
2605
3491
7722
6603
1710
2609
4104
2855
6151
5274
2723
3665
4766
9955
2115
4755
3693
2010
6589
6409
1312
2637
2002
4588
1605
2606
7805
2347
6412
2458
4967
2305
6462
2409
3041
2615
3028
2313
6510
2535
2486
4157
4123
4174
4966
4979
6417
3609
4164
1524
6290
9942
2528
6177
2612
1215
1506
6180
8085
1786
1410
3323
2428
2356
5521
5474
6672
6206
2402
2204
8083
4563
3481
4958
1722
3219
8932
2498
2504
6596
4749
2312
6547
2881
4536
4746
6873
2230
2108
2027
3587
1721
1305
5371
3406
2427
4303
5608
5315
4562
4904
6469
6016
3211
5291
6584
2375
2404
5871
6235
5284
6588
6257
3701
5452
3580
6245
6279
3008
6531
3055
1528
3680
6830
2351
5475
4968
3709
2497
6841
9914
6204
8150
8476
3060
8069
6438
6147
7712
1808
1477
2340
5469
1419
6994
4923
2241
5904
6805
6834
3152
6117
2059
8074
6870
1616
3714
6122
3346
2383
6442
1590
6461
3546
5498
5876
6781
4571
3357
8261
6613
6291
8064
6196
1609
6923
8131
3048
6231
2301
6188
5381
1784
3317
6197
6015
1795
3017
2201
1717
2472
6869
6223
1314
2903
2476
6113
3535
3622
3551
6996
3537
6642
1909
5292
3073
3717
4566
1304
6693
1785
3704
6854
6173
4142
5425
6667
6789
4441
6449
7610
1713
6698
6133
9933
4561
4523
3128
2332
1325
6155
2323
2337
5225
2454
2474
6272
7788
2354
1712
3483
1532
3661
6285
4129
3466
6957
2455
6282
2030
2444
8163
5306
6683
3581
4583
2429
8454
6861
2049
4162
2441
2845
2345
2303
8436
6576
5309
1617
6735
6138
2543
3131
2607
3379
2359
6233
2419
6284
1736
2388
6411
3045
6949
2316
3617
2395
3034
1582
7786
4114
3213
4533
5536
4927
2302
3162
8155
4991
6909
1342
2211
3558
6451
6244
6782
9941
5351
1587
7402
6213
8043
6715
2851
1216
3293
3548
3402
2548
2890
3322
1568
6275
3529
8107
3390
8088
3141
4772
2489
3051
8234
5222
3042
1504
1102
6806
3312
9945
8096
6150
2009
2540
2527
1449
4939
5880
6456
3706
3019
3035
3624
4532
4576
6005
6446
2006
2867
8222
3014
8478
6799
5302
2640
4989
