3426
4924
1472
3115
1324
1441
8093
3531
5013
2719
911622
5601
6929
8423
6615
1465
6542
3288
6228
6662
1599
6236
2939
6899
1443
5348
5701
2024
7732
2904
8443
8455
3285
2911
5878
8477
2948
4767
6988
9110
5276
6958
2751
4305
2073
2949
6856
2941
2248
3095
4972
4807
4198
2235
5520
4402
6474
6767
6997
9929
4153
3018
6506
6887
6240
1453
4192
6527
6225
4535
8077
7716
4406
4154
9944
1203
2910
2726
6730
6872
8917
1418
2221
6222
1813
8923
911868
4304
3593
5514
4950
7743
8101
6904
5205
4806
3632
6512
2035
4419
6661
6242
2901
1413
5345
2434
3191
8424
5016
7782
4905
6144
3629
4413
2432
6844
2926
2924
4432
2947
8066
4148
910322
4706
3067
6264
4175
5301
4943
2380
7753
1906
911608
6103
1475
3252
4609
2724
3064
1259
8354
3672
1435
2887Z1
8342
3465
6574
6807
8067
6171
2754
4529
1468
1213
2321
8409
9926
4183
6496
1341
8488
6721
1454
8941
1470
2937
6212
4430
6210
1781
3523
5906
1233
6556
5604
3232
2740
8921
4139
1538
9912
8929
5703
4804
6020
4584
910861
3516
5455
1423
6581
1626
6616
2722
6645
