1449
6642
2897
1220
2527
8284
6530
1617
4976
6823
1342
3038
3686
3490
6838
8289
3321
2444
2836
5227
5607
6585
1440
1907
3609
2462
1436
6230
3685
2427
6525
6894
5258
2023
6715
6272
6233
1710
2015
5706
2420
6203
7736
2070
8467
6913
5245
6803
6151
3379
3466
6996
2530
3011
6416
2617
1325
6695
6870
2528
1904
6461
7712
5288
3050
2636
2031
3003
1611
1310
3628
8415
2030
2387
6761
6113
6576
6693
6928
8085
8927
2362
3339
4714
6875
4588
8462
9942
3546
8438
6558
1308
8107
2539
3588
6226
6957
6425
4129
3219
6732
8083
6918
2614
4720
1526
1586
8034
1786
6477
3218
1784
4104
4736
8109
5302
3390
2640
3479
6486
2537
6785
1506
5306
6925
1563
1723
2607
2348
2453
1712
2108
6841
1227
5534
1532
1909
1442
1616
4721
6117
1231
6021
1307
5225
3257
2426
4174
3504
4114
8938
4130
2230
1515
1410
6799
6829
6588
6782
6541
8044
6861
3056
3444
3530
3213
2850
6261
6591
6550
6811
2010
6270
2241
3032
1419
7744
1708
6112
5228
2723
4912
1584
3630
2417
4128
2535
2115
4960
6204
6189
6186
2465
6417
3416
2034
3498
6405
2258
6698
3055
5474
3234
6166
4523
6625
2501
6015
6026
6596
3141
3567
6170
8011
1603
1313
2247
6589
3323
2497
2851
3228
4755
1903
4164
6720
7786
8215
3338
2101
6179
3041
5522
6180
7740
5608
2520
7805
1718
6150
7788
4566
3356
8163
3617
3092
8222
5426
2429
4746
5432
6146
8171
5478
5291
6613
6199
3128
6895
1569
6426
3537
6568
7715
1517
8374
8249
6735
2106
6561
3322
7714
2103
8121
6923
1808
3088
6547
6620
6854
4147
6499
3694
9907
5508
6535
4923
8080
1714
2504
4168
4303
3540
6727
2753
6491
4142
1905
6214
2727
4974
2903
2305
2425
4542
6546
1713
7777
8227
9934
6763
3712
6291
8341
8926
6722
6456
2062
8240
6234
3591
6994
8091
1316
1539
2405
4167
2641
4105
4162
8942
9917
3073
6202
3022
3622
6657
7749
1568
4157
4561
6206
3558
6143
3526
7750
7703
2442
3033
6245
2206
1789
1304
3483
6953
6469
6909
4536
1529
4534
3430
6712
6133
9939
2612
3548
9938
6526
3312
6134
5315
6227
3580
4571
2302
6120
6937
4441
3346
2236
7734
1589
2351
3135
3717
2548
7722
8234
5864
6411
1305
1229
6231
8478
4513
7810
6806
6192
8255
6235
3354
7711
6412
3025
3587
3059
2104
2480
2838
2540
6205
3004
3693
4532
6719
2597
6153
2466
2204
3047
2515
4903
6768
8068
6177
8936
6670
8473
3029
1809
4562
3078
6451
6609
1434
8454
6725
1210
2731
2323
1409
3049
9802
5009
3014
8081
6278
6962
3317
2867
3221
9955
3217
3289
5263
3501
1540
2889
4585
4770
3294
9945
2436
6462
6279
1810
2332
2208
6104
6016
2228
4766
4551
1618
7402
4739
6592
2845
2646
2207
2630
6890
2543
2439
2365
6197
8070
4563
3086
6125
1312
6517
2355
8086
3714
2340
3010
4909
4543
1215
4123
2633
2393
6269
6138
4968
4953
2201
6533
4915
1527
6834
6840
3051
1722
1597
8016
3543
2014
8155
2392
2006
2484
5530
1612
4541
6739
2428
6949
6603
5292
6830
2915
4949
8499
6126
2231
2352
1736
5904
6435
6831
3380
3605
3062
6265
6757
2419
3675
4906
3704
2359
4973
6605
2211
2493
6152
6207
3207
4722
6176
3673
6121
2637
2458
3406
8390
6175
6664
6667
1582
6753
7610
3023
2855
6862
6584
9941
6244
8104
6122
6776
5284
3163
2542
6789
3592
3027
3016
3515
2338
3709
4763
2413
2399
8436
3581
3152
8105
2401
6672
9904
4977
3227
9910
1587
1314
4961
2880
3015
3545
2812
3663
5392
5443
8038
4526
5521
3402
3372
9933
8431
3596
3576
5434
6147
5243
2464
1590
8464
6209
8111
5309
4939
2342
3162
4540
1727
7751
4931
8033
3013
5880
2489
1608
8476
3005
1711
4916
5876
2605
2347
2801
2349
2498
1609
3551
1402
2606
2354
6409
9921
3138
2105
3455
5314
1522
2834
4576
3563
3030
9958
3028
5381
2402
6271
8261
2316
2421
4743
1102
3048
2009
1721
5388
6873
6005
6188
6187
3026
4764
4583
3413
4577
8064
6275
1476
6190
9105
6116
2388
7799
6215
5386
6414
3689
6643
5234
3583
3042
4904
1477
8103
4760
6290
8054
8096
7717
8114
2233
3707
3708
4768
3645
6284
1773
2645
4927
3691
5328
8932
2892
3265
4919
2385
6903
3045
3702
1536
2476
3236
3701
5222
8069
2478
6548
2027
2467
9914
6213
8027
3006
3362
2486
4966
1528
6691
3680
1524
2395
6505
4938
2495
6788
2912
5371
2615
3363
2363
2890
2610
5452
5483
6640
6127
7780
5351
3060
2886
2328
6449
2353
2406
4510
1216
3260
2377
2412
6944
2474
8358
6781
6869
1785
6472
4772
3036
3090
5469
1326
4533
8996
1319
8088
2374
8074
5871
3044
6182
2331
3624
3035
6196
6683
8042
3211
6191
3450
2634
3293
2369
2609
3019
6485
2472
2885
6438
3374
3376
5475
6155
2884
2618
8131
6163
5439
3529
7795
2356
8028
5425
3532
2376
5269
4967
3149
3131
3167
4991
6285
2883
1560
3264
3706
6706
8210
6510
2881
6770
1301
2002
5274
2441
2457
3535
8039
6515
3357
2891
3305
6217
4989
6415
6919
7769
2379
5498
3034
5340
5289
2882
1101
2375
6173
6223
6139
3008
2301
8043
6257
3081
4749
3533
2329
2455
2357
6442
2324
2603
5536
2360
6805
1795
3105
6443
3715
8021
2485
2049
1503
6488
4971
2367
8271
3324
2337
2404
2887
4979
2408
3491
3653
1513
8112
2481
1514
6446
6531
2382
8110
4958
2449
2371
2345
1504
3711
6239
1717
2059
2492
2383
8299
2344
6274
3665
1802
3481
1605
2451
6282
5347
2409
2312
1519
2454
2368
6669
3661
3443
2313
8150
3017
2317
2308
3189
3231
8046
1815
2303
8422
3037
1303
2327
2330
