1295
5014
3570
2433
2450
3021
4173
1733
1735
7757
9918
6441
6792
1598
4728
3557
1788
3313
6674
3287
8442
3332
8410
9103
4111
2816
1219
8463
2483
5353
3441
8411
3522
7721
1777
8032
3713
5321
9946
2028
4131
1446
4160
6141
6654
4163
5312
1416
6160
3499
1108
7547
4161
4420
4401
4106
6791
3259
2239
4133
3284
2064
3388
2536
5460
8277
8489
9943
4166
8916
2756
5907
5230
1451
1447
9906
1234
6136
6281
9908
6951
2509
1799
5398
5531
6612
1570
4707
1268
3310
6560
6703
1437
3508
1103
4171
3114
8403
6128
1438
8908
6534
2227
3188
5251
6118
8416
4503
6733
6843
1595
6794
3679
2373
3130
1315
6965
6124
6743
5244
1110
6651
4994
3276
4552
6221
8935
6277
2482
1264
6751
6184
4528
3229
6752
1752
6140
2243
1725
4414
4942
2314
5481
1614
3043
4744
4946
6498
6573
6728
7704
6790
8433
3325
4113
6859
6877
1604
4716
2414
1530
6649
3577
6158
6229
2739
5202
2013
1414
2516
7718
5903
6167
1444
2704
6532
2461
3434
1531
2743
4580
3518
2505
3178
4737
2611
6023
4555
1464
6690
5490
1232
6419
3083
6796
2415
2063
8049
8279
1512
2643
6614
9924
8047
3303
2705
6523
1615
5410
4417
6115
3611
6570
8089
9930
5512
5310
1225
2069
2514
8071
6423
6967
6914
3432
2020
2038
5272
1580
6835
4951
6916
6741
5438
9940
6910
1709
1583
8040
3631
1760
6220
2017
2488
1432
1762
3492
6130
7556
2423
3528
3071
5209
3057
1339
1455
2534
9925
3511
5511
2608
3556
3684
3438
1217
2762
5468
6283
4771
6689
2107
6863
8072
2102
5283
1471
5201
5213
9919
4556
2477
2254
1806
3176
1201
6129
3564
4952
1104
1734
2025
5285
3272
6174
6509
4560
3669
3594
8048
6243
3230
2601
6465
3226
8933
2250
9937
6658
3349
2022
3555
1783
8446
1732
3705
3094
3205
6922
3052
9927
6142
5457
5905
3306
4987
4557
1591
5203
6148
7642
2745
6218
2613
2545
3046
4137
2820
6224
6579
3623
2032
6617
2748
6168
3552
2546
6266
6161
6901
8213
6679
3296
1707
3297
8099
3031
2755
8183
2390
6492
1309
4506
1533
2397
3625
2852
8050
9935
5519
4572
2511
4545
6931
2491
5465
6668
6470
6933
7728
2440
3703
2468
2905
8147
9136
3169
6219
6552
6216
3454
6538
9951
3597
3527
6885
6237
6624
6684
8924
4933
3147
3687
6024
3360
6418
7765
5609
8383
8084
6431
3024
2471
6165
6756
2460
2066
5236
3607
7738
3290
8045
6164
4549
8349
5356
3209
6156
3615
5278
5011
1537
3058
8076
5471
4119
4564
8937
6263
6641
1256
1541
3311
2431
3484
3040
2832
3308
4729
2065
1565
5287
4107
5493
3437
5484
5299
4306
2707
6111
6432
4934
1521
8182
8440
4956
2547
5403
3122
4908
1218
1321
6742
3550
2524
1720
8404
4726
8059
3002
2364
2913
