2008
5548
6874
2736
6508
9931
4558
6754
9950
6692
6464
1776
6884
5211
8087
1456
5450
5220
7713
1240
3467
6680
2849
5538
4502
5546
5355
1726
6804
6101
6195
3646
1463
7584
8092
8421
6762
8426
4538
8482
3168
3489
5015
4530
3118
6771
2923
6246
1742
2701
4102
6655
2712
5007
2702
8931
3268
6114
4735
2067
2496
5212
1439
8940
4207
3266
8272
6201
6629
4702
3171
6671
4426
5529
1730
7767
2616
8162
1452
6154
1236
8472
6865
9928
1516
6855
4999
6846
3054
2061
6169
5206
6276
8367
6881
4568
4190
6597
4550
2430
6952
4527
3224
3664
8906
2506
5464
7770
8437
4138
2109
8176
4754
6955
8444
6590
1323
5704
7709
4116
1235
1294
8429
6924
9960
4188
3512
4745
5489
2033
2908
4440
912000
6902
1337
6482
4911
5902
5344
6577
1817
4569
5223
1340
1467
4121
4155
2706
8201
1525
8905
1459
1417
3093
3150
4554
6578
6516
7747
1460
6968
6294
4120
2929
6971
2718
6708
6697
6666
1445
6936
2424
4439
8930
1474
8401
5516
2734
6208
1466
8487
5488
2729
3158
4433
8450
3164
6494
1109
4747
5533
1457
5364
7791
4995
1737
4741
9962
8102
8024
6185
1473
1593
7723
6183
3652
7730
2114
6921
3206
4416
2596
1558
1731
5324
6194
7708
2642
3521
8097
9905
8466
2732
8481
4108
3710
4907
8432
1336
7705
4581
5525
6241
3373
3541
6969
6582
3419
5487
4711
3666
4126
4930
7631
6109
4205
2945
8435
5603
5215
1338
3716
6982
2007
1805
2012
6569
6123
6198
6108
3494
6716
6593
4935
1535
6637
9949
4127
2438
2538
2906
3520
6906
2459
6821
1796
8928
4442
3066
6292
6259
2916
2029
2752
3085
6504
6598
4438
4109
5543
5210
6248
5523
