2073
6103
8077
1470
2321
4413
8923
6236
5205
5348
8488
4584
4419
9110
6856
3067
2035
4154
9929
2924
5514
2887Z1
2941
5703
6225
3064
911608
4198
2901
6581
8921
1213
4609
6144
6240
3115
4905
6904
5301
4305
5016
911622
3531
8101
5345
4806
4139
2724
1418
1435
7716
2910
5878
3285
3632
2911
7732
4706
6929
5601
8342
3523
6574
1423
4192
6222
2948
4807
5276
6212
6556
2235
4767
8917
3288
6020
4432
6899
4406
6988
8067
2949
2939
8455
2937
6228
6496
6807
1813
6721
8941
1259
910861
8443
3191
9912
5906
1341
3593
3465
8066
3018
8423
4943
2248
6242
7753
8929
911868
6542
3426
1468
3629
6506
1443
4304
1203
6997
2740
4430
6661
5520
4183
6730
8409
3095
5455
1233
6767
4529
8477
3232
1454
9944
6615
6616
2726
2719
1441
4924
2024
6958
6844
1626
2434
1465
4535
5604
9926
6171
4950
7782
6474
1906
8354
3252
3672
4148
3516
2751
1781
6512
6645
4972
4153
1324
910322
6210
1413
6887
5013
1472
1599
2380
6662
1475
2947
1453
1538
6264
6527
8093
5701
2722
2926
4175
8424
6872
7743
2754
4804
2221
4402
2904
2432
