6512
5013
6730
4924
1233
4529
6171
4139
1626
3115
2432
7732
5345
5701
6721
2073
8066
4402
6767
1538
1781
5205
9944
3252
1472
2910
1470
8941
3632
4950
8354
2939
9926
7716
1259
6556
4148
1413
4419
5301
3523
9912
2887Z1
3095
6616
2947
6958
1423
2948
910861
1454
5455
3288
3067
7782
3426
2740
1441
4175
6856
1813
6236
6228
6225
3531
6212
5520
6222
6988
6887
8923
5348
8929
2024
4972
5878
4943
1465
3629
3191
911868
1475
6506
6020
8093
6929
2221
3465
4806
2248
4807
4153
5276
5906
9110
5016
3018
4432
4183
4609
2726
1213
4767
2924
1418
8423
6144
5601
1599
8921
6662
1341
2724
8488
2901
2380
911622
2937
4406
2719
2949
6872
910322
3516
6807
2722
1468
7753
7743
4413
6264
6997
5514
6527
4706
2035
2434
5604
4535
4198
6542
3232
4905
6474
3593
8409
4584
911608
8342
1453
2235
2751
6899
9929
6210
6645
8477
4192
4804
4430
2754
6844
4154
8917
3064
6574
2911
8424
1203
8455
1435
2321
8077
8101
1906
3672
4305
6615
8443
2941
2926
6242
6661
3285
5703
6904
6581
8067
6240
6496
1324
6103
4304
1443
2904
