2254
6142
3147
2514
3276
8072
9930
3625
5283
4528
3176
5398
3046
3437
5468
5410
6419
2613
1201
3071
1432
6115
6470
6916
9918
2390
1232
1604
4401
4161
2065
2440
4994
3518
2511
2028
4133
3623
4580
6140
5465
1788
5244
3441
3178
5515
1614
3550
2905
2415
5471
4414
2755
2414
7728
4729
1447
3703
5493
6674
4306
2025
5285
6164
5511
5287
6689
8416
2461
3679
3052
7738
8916
8937
1264
1799
3564
2608
2471
3607
5278
2423
4951
3552
8935
1471
6492
6224
6552
6141
3284
6641
2013
3297
1455
3438
3669
4552
6277
4952
2705
2460
5230
3447
6733
6148
3024
2832
4942
6118
3432
4933
3043
1217
2069
6283
6792
6679
4737
6124
5519
3114
4160
4420
3597
3557
6859
1438
6266
7704
5203
8048
8089
2017
9906
4107
1416
8047
2762
6167
6728
6534
2820
4934
2020
9908
1735
1537
8908
6432
3308
5201
5236
5202
3611
9911
9927
3484
5356
4560
4503
1720
1591
5531
2816
1580
6024
5484
1615
3058
2066
6885
3522
3511
3492
6219
8279
2536
6111
3209
2227
1732
8924
6509
5512
1309
6614
2516
1725
6579
2063
6835
2488
6967
8349
5490
3360
3528
1806
6243
2482
5907
2611
9935
6136
1437
1583
3002
6703
2107
4564
1777
6560
2483
1108
3083
6752
3631
1565
6690
5905
1521
6910
2314
3272
6791
1531
7721
1414
5321
6216
6423
2477
6922
3615
6742
8045
7556
6465
3349
6570
2433
1530
1702
2913
6263
1110
8383
2852
5438
8084
3296
4946
6184
2022
3094
2243
3290
9951
3313
1734
6129
4987
2450
8049
4707
6612
3021
5903
3169
9946
2524
6281
6933
3499
6658
6843
6863
9136
6431
8933
5209
6237
1451
1570
6965
3332
9902
6161
3594
5457
8099
3388
6914
8076
8213
1595
6218
1541
5213
8440
5353
4166
6951
6023
8050
4716
1512
3687
5299
3570
4956
6931
2239
6668
8071
5251
3310
6651
4744
3555
6794
8277
4131
3122
6790
1464
6130
3259
2250
2505
4506
2643
1598
1733
5609
6165
3577
7718
1295
4557
1268
1103
7765
6221
6649
3325
6532
2468
6174
6756
3226
8403
1783
1760
7547
2704
7642
3303
2739
2748
8411
3311
5312
3306
8182
8446
8433
2545
6220
3229
4111
6741
1762
1315
8183
4728
5460
2373
4908
6523
9103
4163
5481
2547
2745
8489
2038
1234
8463
2509
9924
3705
1707
1321
8404
6168
2431
4171
3205
6624
8442
6606
2491
5310
6160
9937
1225
4726
1709
6128
1752
3031
3287
5014
1256
5011
6538
3713
4771
4417
6751
6498
8147
3508
2756
5272
4556
4572
5403
3454
9943
2534
2743
4555
3684
4119
4137
6743
9925
6654
7757
9940
3057
3556
1104
6158
6418
1218
8410
3434
4106
8040
2364
4545
2032
6441
3230
2601
3040
4549
1219
2064
1444
6573
2707
2397
1446
2546
9919
3527
2102
4113
3188
6229
8059
6617
1339
4173
6156
3130
8032
6796
6901
6877
1533
6684
