6546
3035
6568
6799
2247
6245
2313
6215
6776
6187
3450
1907
5392
2890
4915
6197
6515
2884
1784
6435
8070
3617
7712
4968
3294
1612
6214
4977
3533
6209
1584
3017
8121
4510
4104
6477
1515
6217
6903
3689
3236
2409
2540
8473
7703
9907
2520
6962
3038
3645
8171
4976
6757
7711
6134
1310
6841
3033
6854
1522
6727
3189
6207
3675
2484
5284
1303
2489
6609
7750
3213
8374
1449
3551
1316
3374
1563
6589
3015
2421
6261
4958
4906
8926
2466
2338
9941
4566
6830
2317
1723
1419
3037
3563
3583
6461
6698
8011
8284
4174
3207
8240
3026
2357
6425
2485
5234
1789
2103
5498
1722
3022
2417
6949
4714
2323
8476
2850
4960
8431
5536
3047
6770
8109
2363
1301
5864
1815
2539
6510
8042
2351
6667
3545
8936
6173
7734
2480
5225
3013
2337
4967
6923
2344
2201
3628
2892
6890
2883
8261
3025
5426
4721
2889
1314
3322
8222
8422
1590
7777
2442
6186
6603
2851
3081
3665
2349
1312
6175
5871
2062
8074
1712
6005
1319
6415
1909
6925
6151
6558
2464
2115
5009
2426
6670
6657
6823
3498
6257
4720
5245
4973
3060
6189
6116
3338
6672
8088
6712
2104
8255
6206
2474
1589
6188
2542
3709
8086
3413
3576
8467
3596
2233
6203
8150
2633
3317
4536
8299
6788
6782
3049
7744
5328
2070
1506
5386
3228
6761
2609
6725
6125
6016
8083
6456
2603
3588
6275
2305
6719
6720
1903
2429
9917
2614
8104
1773
6233
5607
1409
3217
4551
6180
2449
2106
4912
3312
3105
3028
2301
1540
6213
8028
6862
4541
2360
2472
2241
1229
6170
6152
2548
2915
3092
2880
3362
2108
1795
1736
6869
8227
3661
5314
2009
6462
2405
3073
1609
6274
2345
1434
2353
5478
2615
5258
4743
3008
5534
4763
3580
6469
2441
6913
6271
6230
4588
8085
1586
3162
2387
3036
6138
6278
3443
6957
3163
8478
3694
1504
6838
2845
1231
6412
4760
6244
1582
7722
6113
3030
6143
2359
2867
3265
9939
5309
2420
8234
7769
6535
6620
4128
6811
5222
5522
2439
2617
2401
3034
6499
3010
3712
4971
4974
2476
2236
3466
2493
7780
4563
6127
2354
1524
1304
1618
3029
5228
2478
2455
4755
6104
4561
7749
6021
6285
5474
6870
3131
3027
6112
3218
2329
5227
2327
2015
1727
7788
8271
2436
8069
3135
7810
8080
8034
6715
6753
2347
6488
2348
2402
6190
2465
8081
3014
6491
6669
6472
1597
2368
1325
9942
8436
6873
2031
6015
6269
6875
5706
2374
6192
3609
6486
2206
3321
2492
4770
6918
2392
1307
2316
5302
8289
3062
5483
8462
6416
6996
3051
3390
4953
6026
5274
9921
3491
6272
3702
2404
6265
6126
3530
1220
1527
6235
3717
4533
9955
2427
3011
6223
8249
2645
6894
6284
1517
3227
6605
8390
6735
6120
6585
4526
3406
2207
2887
9933
3078
2640
3714
4562
1101
2885
6806
2891
2230
6485
2385
6451
2369
3219
6944
2646
2912
2451
2228
6919
2641
2462
6533
6640
3430
7805
4927
3479
6417
4534
2002
9105
3289
2634
4938
3221
2444
6239
2330
3715
1442
8096
1708
6829
3045
8016
8033
3042
2362
2231
2034
5439
4923
2030
6834
3141
8996
2375
8114
3444
4542
3653
3537
9802
2049
2504
6177
6584
4722
8415
7751
2376
3260
7786
4585
7402
1786
6438
8064
1617
8927
1810
5291
3339
3504
6117
6442
1568
2727
2105
2377
3379
2006
6505
6953
3016
9945
3693
3293
6155
6449
2454
5508
2399
2352
1514
7736
6409
6282
6805
6226
3050
2801
2530
3305
3691
6530
5288
2886
2340
2731
1513
5434
2101
8107
8210
3605
8454
6596
8103
2881
1603
1560
8938
3019
8091
6722
1440
3211
4576
4164
9904
1215
2393
8112
1503
1326
6643
3264
2481
2903
6202
9934
1529
6531
2597
3323
1477
4168
1785
3402
6937
4979
4532
2010
3056
2371
2495
2630
4157
2458
8155
2836
8110
6443
9914
8043
5351
3490
5530
2204
5292
8464
2457
6693
6547
2425
7799
5269
6205
5388
3673
4931
1721
3708
8163
1539
2312
2618
3004
4991
4919
6191
4766
2610
3416
2303
6706
2211
8111
6176
2838
2612
8105
3128
6789
4162
2897
3548
2365
2453
3357
6588
5452
8131
5475
6227
6196
5243
6414
6122
3546
4577
6732
2812
6576
2302
8499
5340
8068
3622
4966
6909
3044
3680
2332
6541
3257
1342
4949
9938
1569
3041
6785
8021
3048
1305
3483
6561
3685
8044
6163
2356
8054
1210
4772
2467
6150
6199
4749
5521
2606
6290
3006
6861
6763
6279
3138
5263
3581
3088
2379
2023
2723
3567
6613
4129
2324
1717
4441
3005
3592
7714
1526
6550
6179
2412
4903
2395
8932
2382
5904
3558
2308
5306
7717
1402
4904
6691
2605
5315
1410
1809
6182
6928
6133
8438
1308
2607
2882
4167
3529
3346
1608
2059
4105
6591
6517
1714
6548
1536
2208
4736
3515
3663
6895
5289
1605
6592
5347
2834
1528
2636
2753
1313
2498
8215
3167
4909
6642
2331
2408
8046
3003
2355
5880
2014
4543
4583
4961
3535
6411
6695
3481
3055
2501
2258
1611
4142
4303
2342
3152
3234
1519
3540
4123
2535
3501
1713
5371
8942
2027
5381
6147
1905
6526
3354
6831
3324
1216
2486
2527
6270
5432
6426
3711
3706
2413
6994
6803
8039
1532
1802
3630
4764
4523
4114
1436
2428
1711
1718
3090
3023
2855
5608
2637
6121
3363
7740
3376
2537
3149
9910
6231
3543
8038
1710
4768
3704
5443
4147
6664
3686
3624
3059
4916
6525
3701
1808
2328
1476
2543
3380
4989
2497
4739
6840
6446
8341
3231
2367
5469
3032
1616
2406
4571
1904
8027
6204
8358
7610
7715
3591
3372
3455
6683
6781
6234
4130
4746
6153
3356
7795
6405
4939
1587
4540
2383
5876
3532
6768
9958
5425
2419
6166
6739
3086
2528
3526
6146
3587
6139
6625
2515
4513
3707
1227
2388
6291
1102
