1236
2459
8429
3266
2752
6971
6955
5007
4102
1558
5015
8444
8176
6924
4120
5546
4442
3093
6716
9950
2929
3118
4433
6637
8466
6516
3646
6680
6108
8930
5543
1776
4995
2701
2712
6123
6569
6508
6114
5548
2012
5212
8401
2729
6195
2732
6504
7767
6952
5211
9928
6762
4109
4155
4439
1456
3666
6259
3373
5450
6855
1466
6248
6241
1467
2702
4502
7708
2007
5538
5525
5355
6968
4190
4426
6921
7791
6821
6183
2067
2849
7723
4550
1417
6198
6846
8421
5220
4745
8931
7730
8482
6201
8437
6692
1336
2642
4138
9949
8087
6771
4911
2430
2438
3512
2008
6884
7770
3520
4440
1337
6109
4581
3054
2424
5603
8940
3150
7705
6697
4568
2906
2923
6276
1294
7709
1109
3716
4416
9905
1742
6494
7631
4188
5344
1445
6577
9962
8097
4538
3541
1439
3224
2734
8024
1452
5529
2538
6708
7584
3664
6578
1323
6598
1473
8432
6169
2736
6593
3158
1731
6804
6154
2706
3419
3494
8487
6982
1340
5464
6936
4907
4205
3467
3521
8367
6590
5223
8162
6194
3168
6629
2916
8426
1235
6582
2033
2029
2596
2061
3268
6101
8472
4438
3066
6902
4116
3206
1737
8906
5533
8905
6754
1726
2506
5488
6246
4108
1459
6294
4999
6881
1457
4207
6906
5516
6464
2718
4935
8928
1535
4554
3710
6655
4530
2114
1474
4702
8450
2908
4930
5364
7747
2109
6865
4735
8092
3085
4747
3489
2496
1593
1796
5215
6597
5902
4121
1805
4711
7713
6482
1240
6208
3164
5206
912000
1525
6874
1817
8102
6969
1460
3171
8481
6671
5704
6292
5324
8272
1463
9931
4741
5489
4127
2945
5210
1338
4569
4754
6185
1516
5523
2616
4527
9960
5487
8201
4126
3652
6666
8435
1730
4558
